0 0.234592 0.692287 0.388671 -0.338938
0 0.760599 0.663331 0.367652 -0.318922
0 0.681600 0.544302 0.256680 -0.216974
0 0.326683 0.564585 0.270395 -0.230851
0 0.641521 0.482519 0.199323 -0.164398
0 0.372818 0.497998 0.209120 -0.172405
0 0.402921 0.451294 0.169220 -0.130238
0 0.421535 0.419803 0.150160 -0.101948
0 0.616316 0.445556 0.164945 -0.134774
0 0.596722 0.420870 0.138938 -0.114225
1 0.457072 0.380838 0.104382 -0.066720
1 0.482009 0.342407 0.068044 -0.043768
1 0.529658 0.362023 0.088529 -0.051508
1 0.594941 0.339605 0.056288 -0.042434
