0 0.103125 0.470460 0.048438 -0.050328
0 0.187109 0.461160 0.046094 -0.047046
0 0.280469 0.466630 0.046875 -0.049234
0 0.335938 0.479212 0.040625 -0.043764
0 0.406250 0.473742 0.039062 -0.039387
0 0.438672 0.460613 0.041406 -0.043764
0 0.485156 0.486871 0.039062 -0.041575
0 0.493750 0.466630 0.035938 -0.031729
0 0.530859 0.467724 0.035156 -0.040481
0 0.562891 0.457877 0.036719 -0.040481
0 0.598438 0.478665 0.035938 -0.040481
0 0.611719 0.407002 0.043750 -0.048140
0 0.651172 0.400985 0.041406 -0.049234
0 0.965625 0.561269 0.046875 -0.041575
0 0.858203 0.541575 0.044531 -0.041575
0 0.883594 0.532823 0.042188 -0.041575
0 0.788672 0.504376 0.039844 -0.043764
0 0.762500 0.504923 0.040625 -0.042670
0 0.720313 0.496718 0.037500 -0.041575
0 0.678516 0.504376 0.039844 -0.039387
0 0.736328 0.414114 0.042969 -0.049234
0 0.707422 0.362691 0.046094 -0.051422
