0 0.917448 0.237974 0.055729 -0.025510
0 0.863542 0.254373 0.059375 -0.026239
0 0.802344 0.239796 0.063021 -0.026239
0 0.718490 0.265671 0.056771 -0.025510
0 0.663281 0.250000 0.061979 -0.027697
0 0.568490 0.278790 0.057812 -0.026968
0 0.516927 0.260933 0.061979 -0.027697
0 0.409375 0.290452 0.057292 -0.028426
0 0.908854 0.783892 0.142708 -0.064869
0 0.903906 0.712828 0.145313 -0.069971
0 0.672396 0.793367 0.181250 -0.057580
0 0.690104 0.669096 0.134375 -0.062682
0 0.455469 0.751093 0.172396 -0.051749
0 0.501823 0.631924 0.127604 -0.059767
0 0.262240 0.706633 0.164062 -0.045918
0 0.088802 0.670190 0.158854 -0.041545
