0 0.351389 0.069907 0.078704 -0.043519
0 0.413426 0.123611 0.091667 -0.054630
0 0.667593 0.071296 0.077778 -0.044444
0 0.711574 0.177778 0.102778 -0.061111
0 0.579630 0.123611 0.090741 -0.052778
0 0.610648 0.250926 0.121296 -0.075926
0 0.501852 0.174537 0.105556 -0.067593
0 0.294444 0.179167 0.103704 -0.063889
0 0.389815 0.252315 0.124074 -0.076852
0 0.205556 0.358333 0.150000 -0.100000
0 0.319907 0.526852 0.191667 -0.138889
0 0.501852 0.356944 0.150000 -0.097222
0 0.802778 0.355556 0.148148 -0.100000
0 0.668056 0.523611 0.189815 -0.137963
0 0.505093 0.811111 0.260185 -0.209259
