0 0.636111 0.192421 0.152778 -0.138780
0 0.480556 0.242618 0.158333 -0.140748
0 0.436806 0.338091 0.176389 -0.136811
0 0.375000 0.430610 0.161111 -0.144685
0 0.679861 0.362697 0.254167 -0.109252
0 0.669444 0.483268 0.258333 -0.108268
0 0.345833 0.540846 0.166667 -0.144685
0 0.336806 0.656496 0.165278 -0.145669
0 0.350000 0.779528 0.186111 -0.145669
0 0.529861 0.950295 0.162500 -0.099409
0 0.824306 0.974902 0.295833 -0.050197
0 0.850694 0.914862 0.298611 -0.095472
0 0.845833 0.833169 0.308333 -0.097441
0 0.580556 0.827756 0.261111 -0.118110
1 0.356944 0.929134 0.172222 -0.141732
2 0.665278 0.593996 0.233333 -0.097441
2 0.703472 0.706693 0.218056 -0.114173
