0 0.134384 0.899631 0.106607 -0.146552
0 0.124625 0.715517 0.105105 -0.145320
0 0.122372 0.522783 0.106607 -0.139163
0 0.143393 0.357143 0.106607 -0.123153
0 0.189940 0.217980 0.109610 -0.096059
0 0.277027 0.139163 0.121622 -0.078818
0 0.381381 0.087438 0.135135 -0.054187
0 0.508258 0.070197 0.133634 -0.041872
0 0.632883 0.086823 0.139640 -0.043103
0 0.723724 0.147167 0.138138 -0.080049
0 0.807808 0.250616 0.117117 -0.124384
0 0.867117 0.365764 0.106607 -0.140394
0 0.891892 0.482759 0.108108 -0.123153
0 0.868619 0.583128 0.109610 -0.087438
0 0.779279 0.641626 0.108108 -0.061576
0 0.658408 0.674877 0.112613 -0.049261
0 0.538288 0.674877 0.115616 -0.044335
