0 0.314034 0.277567 0.123205 -0.081749
0 0.430292 0.254753 0.106531 -0.066540
0 0.416396 0.289924 0.145438 -0.091255
0 0.519222 0.257605 0.102825 -0.058935
0 0.517832 0.309886 0.145438 -0.087452
0 0.608152 0.256179 0.107457 -0.067490
0 0.626911 0.291350 0.134785 -0.090304
0 0.720472 0.277091 0.122742 -0.080798
0 0.669523 0.354563 0.181102 -0.125475
0 0.780222 0.329373 0.159796 -0.109316
0 0.248726 0.328897 0.162112 -0.114068
0 0.366142 0.355989 0.180176 -0.128327
0 0.514822 0.390209 0.204261 -0.147338
0 0.887679 0.429658 0.224641 -0.178707
0 0.735294 0.492395 0.274664 -0.211027
0 0.129690 0.432034 0.234368 -0.170152
0 0.287865 0.493346 0.275591 -0.205323
0 0.509958 0.575095 0.332561 -0.264259
