0 0.064323 0.542274 0.095312 -0.064140
0 0.152083 0.552843 0.103125 -0.075073
0 0.270833 0.566327 0.112500 -0.084548
0 0.420052 0.584184 0.125521 -0.099854
0 0.877083 0.533892 0.137500 -0.060496
0 0.713281 0.528061 0.121354 -0.054665
0 0.582031 0.521866 0.107812 -0.049563
0 0.473958 0.515671 0.097917 -0.045918
0 0.381771 0.505831 0.089583 -0.034985
0 0.240104 0.502551 0.077083 -0.037172
0 0.176823 0.498542 0.063021 -0.034985
1 0.883333 0.506195 0.076042 -0.045918
1 0.790625 0.504373 0.073958 -0.043732
1 0.719271 0.503280 0.071875 -0.041545
1 0.649219 0.498907 0.068229 -0.032799
1 0.584635 0.500729 0.068229 -0.034985
1 0.521875 0.497449 0.061458 -0.035714
1 0.472656 0.495262 0.055729 -0.032799
1 0.422396 0.493440 0.062500 -0.033528
