0 0.144325 0.737956 0.286693 -0.300130
0 0.352740 0.601562 0.568493 -0.199219
0 0.599315 0.523763 0.498043 -0.138672
0 0.759295 0.478516 0.438356 -0.110677
0 0.845890 0.447591 0.308219 -0.090495
0 0.895793 0.423503 0.208415 -0.077474
0 0.963307 0.347656 0.073386 -0.039062
0 0.831213 0.347982 0.173190 -0.039714
0 0.764188 0.354492 0.168297 -0.042318
0 0.697162 0.361328 0.175147 -0.045573
0 0.618395 0.370117 0.195695 -0.050130
0 0.532779 0.380859 0.208415 -0.055990
0 0.438356 0.393880 0.240705 -0.062500
0 0.223092 0.418294 0.246575 -0.074870
