0 0.176250 0.753889 0.271250 -0.247778
0 0.412813 0.666111 0.241875 -0.216667
0 0.706562 0.707778 0.258125 -0.231111
0 0.863437 0.629444 0.228125 -0.203333
0 0.247188 0.425000 0.151875 -0.125556
0 0.376875 0.391111 0.141250 -0.115556
0 0.554063 0.408333 0.148125 -0.121111
0 0.655312 0.381667 0.138125 -0.110000
0 0.565937 0.277222 0.099375 -0.078889
0 0.490625 0.290000 0.103750 -0.082222
0 0.363125 0.283889 0.101250 -0.083333
0 0.273750 0.298333 0.106250 -0.085556
0 0.516875 0.215000 0.077500 -0.061111
0 0.455313 0.223889 0.081875 -0.061111
0 0.355625 0.219444 0.075000 -0.061111
0 0.286875 0.229444 0.080000 -0.063333
0 0.293750 0.186667 0.066250 -0.051111
0 0.356250 0.179444 0.063750 -0.050000
0 0.431563 0.181667 0.065625 -0.050000
0 0.485000 0.177778 0.063750 -0.048889
0 0.296250 0.158889 0.056250 -0.042222
0 0.355000 0.152778 0.056250 -0.038889
0 0.416563 0.154444 0.055625 -0.044444
0 0.441875 0.129444 0.045000 -0.034444
0 0.431563 0.116667 0.036875 -0.026667
0 0.424375 0.102778 0.031250 -0.018889
0 0.403125 0.133889 0.041250 -0.030000
0 0.396250 0.116111 0.036250 -0.025556
0 0.391563 0.105556 0.033125 -0.022222
0 0.352813 0.132222 0.049375 -0.031111
0 0.350000 0.116111 0.040000 -0.023333
0 0.349062 0.103333 0.034375 -0.020000
0 0.300312 0.134444 0.046875 -0.035556
0 0.302812 0.120000 0.041875 -0.026667
0 0.306875 0.105556 0.037500 -0.022222
