0 0.974688 0.442056 0.050625 -0.031776
0 0.875313 0.450467 0.059375 -0.031776
0 0.781875 0.458411 0.065000 -0.034579
0 0.673750 0.468224 0.063750 -0.035514
0 0.527813 0.481308 0.061875 -0.037383
0 0.384688 0.493925 0.065625 -0.038318
0 0.222812 0.509346 0.070625 -0.039252
0 0.093125 0.521028 0.075000 -0.042056
1 0.200313 0.775701 0.111875 -0.095327
1 0.405625 0.740654 0.093750 -0.086916
1 0.583750 0.709813 0.093750 -0.079439
1 0.741563 0.682710 0.088125 -0.073832
1 0.893125 0.655607 0.090000 -0.066355
1 0.901875 0.761682 0.196250 -0.078505
1 0.703438 0.803738 0.203125 -0.084112
1 0.464375 0.857477 0.218750 -0.094393
