0 0.252563 0.350970 0.044189 -0.025265
0 0.279419 0.440681 0.109619 -0.053826
0 0.324341 0.450018 0.117432 -0.055657
0 0.370361 0.465580 0.125977 -0.062614
0 0.421265 0.480227 0.133545 -0.064811
0 0.467773 0.503295 0.145020 -0.076529
0 0.507446 0.546503 0.128174 -0.085317
0 0.708862 0.544123 0.151123 -0.080557
0 0.812744 0.529110 0.152832 -0.077627
0 0.804565 0.491761 0.171631 -0.061516
0 0.762695 0.469608 0.144043 -0.057488
0 0.687500 0.452215 0.132812 -0.061516
0 0.599609 0.426401 0.097656 -0.056756
0 0.514648 0.409923 0.089844 -0.048700
1 0.463989 0.395460 0.104736 -0.052728
