0 0.095703 0.814470 0.057031 -0.153295
0 0.178516 0.818052 0.055469 -0.151862
0 0.342188 0.819484 0.057813 -0.151862
0 0.422656 0.819484 0.057813 -0.148997
0 0.503516 0.816619 0.058594 -0.143266
0 0.580078 0.822350 0.058594 -0.148997
0 0.664844 0.825215 0.057813 -0.146132
0 0.744141 0.827364 0.058594 -0.150430
0 0.826172 0.825931 0.057031 -0.153295
0 0.460156 0.330946 0.070312 -0.123209
0 0.635938 0.335960 0.070312 -0.127507
0 0.926172 0.343123 0.066406 -0.138968
0 0.874219 0.147564 0.076563 -0.111748
0 0.692578 0.155444 0.069531 -0.113181
