0 0.394500 0.480889 0.058000 -0.040889
0 0.468250 0.480000 0.053500 -0.040889
0 0.535500 0.480444 0.057000 -0.041778
0 0.624000 0.483111 0.057000 -0.040000
0 0.677000 0.510222 0.081000 -0.062222
0 0.553000 0.507556 0.080000 -0.058667
0 0.451000 0.506667 0.081000 -0.058667
0 0.353750 0.508444 0.081500 -0.060444
0 0.298500 0.546222 0.114000 -0.088000
0 0.434750 0.542667 0.111500 -0.084444
0 0.571250 0.543111 0.110500 -0.085333
0 0.743250 0.550222 0.113500 -0.085333
0 0.196500 0.622667 0.173000 -0.136000
0 0.398500 0.616889 0.165000 -0.135111
0 0.610250 0.617333 0.166500 -0.132444
0 0.868500 0.627111 0.181000 -0.136000
