0 0.191944 0.448750 0.093889 -0.127500
0 0.079167 0.386667 0.091667 -0.116667
1 0.508056 0.567500 0.493889 -0.453333
2 0.817222 0.390417 0.081111 -0.115833
2 0.902778 0.310000 0.080000 -0.111667
2 0.859722 0.249167 0.058333 -0.073333
2 0.769722 0.282083 0.058333 -0.077500
2 0.704444 0.321250 0.058889 -0.079167
2 0.654167 0.350417 0.060556 -0.080833
3 0.273611 0.300833 0.051667 -0.071667
3 0.209444 0.262917 0.050000 -0.067500
3 0.151389 0.217917 0.049444 -0.067500
3 0.080278 0.177917 0.048333 -0.064167
