0 0.244629 0.783309 0.334961 -0.187408
0 0.798096 0.728404 0.321777 -0.174231
1 0.872803 0.581625 0.254395 -0.122255
1 0.525879 0.610542 0.282227 -0.130307
1 0.116211 0.644949 0.231445 -0.139092
1 0.237305 0.531113 0.151367 -0.088580
1 0.520264 0.512445 0.146973 -0.087848
1 0.789062 0.492313 0.146484 -0.084187
2 0.968506 0.422767 0.062988 -0.069546
2 0.775146 0.436676 0.192871 -0.081259
2 0.564209 0.449854 0.192871 -0.085652
2 0.325928 0.462665 0.196777 -0.087848
2 0.088867 0.477306 0.176758 -0.089312
3 0.030762 0.260981 0.060547 -0.057833
3 0.398682 0.268302 0.158691 -0.085652
3 0.529541 0.273060 0.183105 -0.093704
