0 0.193056 0.591905 0.082778 -0.070476
0 0.299444 0.588571 0.082778 -0.063810
0 0.405278 0.586429 0.083333 -0.066190
0 0.504028 0.584762 0.083611 -0.064762
0 0.609583 0.583095 0.083611 -0.065238
0 0.711250 0.582857 0.083056 -0.070476
0 0.816389 0.579524 0.082778 -0.066667
0 0.917361 0.576190 0.081944 -0.064762
0 0.881806 0.427143 0.074167 -0.085714
0 0.789722 0.427857 0.074444 -0.085238
0 0.695000 0.432381 0.075000 -0.085714
0 0.607639 0.432857 0.074722 -0.085714
0 0.518333 0.434762 0.074444 -0.084762
0 0.421250 0.435238 0.074167 -0.085714
0 0.335139 0.437857 0.074167 -0.085238
0 0.240833 0.439762 0.073889 -0.085238
0 0.149722 0.441667 0.072778 -0.084286
0 0.054167 0.447143 0.072222 -0.084762
