0 0.066964 0.701448 0.133459 -0.106992
0 0.153078 0.716808 0.175047 -0.112288
0 0.361960 0.674435 0.167058 -0.107345
0 0.323073 0.549082 0.112312 -0.077684
0 0.470160 0.533545 0.114192 -0.076977
0 0.558741 0.533369 0.116071 -0.077331
0 0.686208 0.513948 0.115367 -0.073093
0 0.577068 0.463453 0.086936 -0.057556
0 0.689027 0.450742 0.088111 -0.056144
0 0.753172 0.448623 0.092340 -0.057556
0 0.726974 0.413136 0.070489 -0.046610
0 0.850916 0.436970 0.087641 -0.056850
0 0.820606 0.402895 0.068374 -0.045198
0 0.877585 0.399894 0.070959 -0.047669
0 0.836819 0.377648 0.062265 -0.039195
0 0.949248 0.391419 0.070959 -0.044845
0 0.909657 0.370763 0.060385 -0.037429
0 0.914474 0.352048 0.051222 -0.032486
0 0.963581 0.367055 0.061560 -0.037782
0 0.980146 0.344809 0.039709 -0.034251
0 0.962876 0.334922 0.045113 -0.034251
