0 0.565245 0.929270 0.060226 -0.015947
0 0.490590 0.917438 0.060226 -0.015947
0 0.416876 0.903549 0.060853 -0.014918
0 0.344730 0.926440 0.060853 -0.015432
0 0.248745 0.954733 0.059598 -0.017490
0 0.666876 0.707562 0.063990 -0.018004
0 0.563676 0.703189 0.064617 -0.017490
0 0.492785 0.693416 0.064617 -0.019547
0 0.404329 0.714763 0.064617 -0.018004
0 0.304893 0.739198 0.063990 -0.018519
0 0.706399 0.552469 0.067754 -0.022634
0 0.606336 0.535237 0.068381 -0.021091
0 0.526662 0.521091 0.069636 -0.020576
0 0.431619 0.546039 0.069009 -0.020062
0 0.358218 0.573560 0.069009 -0.021605
0 0.738394 0.354167 0.072773 -0.020062
0 0.627353 0.344393 0.072773 -0.020062
0 0.554580 0.332819 0.072773 -0.021605
0 0.478670 0.355195 0.072773 -0.021091
0 0.377980 0.371142 0.072146 -0.019033
0 0.854454 0.089506 0.079046 -0.024691
0 0.694166 0.074846 0.079674 -0.023148
0 0.600376 0.053498 0.079046 -0.024691
0 0.482434 0.087449 0.079046 -0.023663
0 0.382371 0.115741 0.078419 -0.023663
