0 0.094167 0.782500 0.047667 -0.041667
0 0.223000 0.748125 0.046667 -0.041250
0 0.207667 0.702500 0.045333 -0.042500
0 0.438833 0.648542 0.047667 -0.040417
0 0.435500 0.589375 0.045667 -0.037083
0 0.519667 0.609375 0.048000 -0.040417
0 0.488167 0.539167 0.045667 -0.035000
0 0.437167 0.420000 0.037667 -0.026667
0 0.468500 0.439167 0.040333 -0.029167
0 0.501167 0.384167 0.039667 -0.025000
0 0.527000 0.415417 0.040667 -0.026667
0 0.777000 0.524583 0.048000 -0.035833
0 0.774667 0.476042 0.045333 -0.033750
0 0.866000 0.477917 0.048000 -0.035000
0 0.830000 0.428542 0.046000 -0.033750
0 0.683833 0.363125 0.041667 -0.029583
0 0.651500 0.331458 0.038333 -0.027917
0 0.765333 0.327708 0.041333 -0.027917
0 0.707667 0.266042 0.038667 -0.025417
0 0.600333 0.209167 0.034667 -0.022500
0 0.670667 0.178333 0.034667 -0.022500
0 0.639500 0.147917 0.033000 -0.021667
