0 0.034667 0.228702 0.068667 -0.036511
0 0.087833 0.231491 0.111667 -0.051217
0 0.026167 0.309077 0.051667 -0.046146
0 0.048167 0.451065 0.095667 -0.055274
0 0.097500 0.732759 0.194333 -0.083164
0 0.231333 0.255071 0.123333 -0.057809
0 0.144167 0.330122 0.142333 -0.066937
0 0.403167 0.282454 0.132333 -0.060852
0 0.334333 0.367901 0.159333 -0.071501
0 0.232667 0.497718 0.192000 -0.092799
0 0.418667 0.856744 0.318000 -0.151623
0 0.512833 0.575811 0.226333 -0.106998
0 0.562000 0.412779 0.175333 -0.084178
0 0.599167 0.310852 0.145000 -0.065923
0 0.829333 0.346602 0.160000 -0.072515
0 0.854833 0.471095 0.200333 -0.094320
0 0.870667 0.673682 0.258667 -0.124239
