0 0.500000 0.069531 0.144444 -0.129688
0 0.619444 0.162500 0.138889 -0.128125
0 0.740278 0.250781 0.141667 -0.129688
0 0.379167 0.160938 0.141667 -0.131250
0 0.256944 0.250781 0.147222 -0.129688
0 0.502778 0.400781 0.144444 -0.129688
0 0.375000 0.490625 0.144444 -0.131250
0 0.622222 0.489844 0.144444 -0.132812
0 0.740278 0.579688 0.141667 -0.131250
0 0.252778 0.582031 0.144444 -0.132812
0 0.497222 0.731250 0.144444 -0.128125
0 0.251389 0.910938 0.147222 -0.131250
0 0.375000 0.822656 0.144444 -0.129688
0 0.619444 0.820312 0.144444 -0.131250
0 0.737500 0.908594 0.141667 -0.129688
