0 0.914844 0.689793 0.085938 -0.122807
0 0.885938 0.392344 0.079688 -0.098884
0 0.859375 0.136364 0.071875 -0.087719
0 0.631250 0.690590 0.087500 -0.089314
1 0.398828 0.859649 0.082031 -0.111643
1 0.403516 0.691388 0.080469 -0.106858
1 0.407031 0.534290 0.078125 -0.095694
1 0.410156 0.390750 0.073438 -0.089314
1 0.416797 0.257576 0.069531 -0.084530
1 0.112109 0.857257 0.077344 -0.113238
1 0.141797 0.534290 0.075781 -0.095694
1 0.157031 0.391547 0.068750 -0.090909
1 0.180859 0.133971 0.066406 -0.079745
