0 0.623141 0.234167 0.034387 -0.009000
0 0.580390 0.233000 0.036245 -0.009333
0 0.557853 0.250167 0.043216 -0.012333
0 0.640799 0.254000 0.136617 -0.026000
0 0.602463 0.269000 0.089684 -0.016000
0 0.531134 0.259667 0.070632 -0.016000
0 0.439359 0.273333 0.042286 -0.014000
0 0.406599 0.272500 0.115242 -0.022333
0 0.469563 0.242333 0.057156 -0.010667
0 0.287407 0.286000 0.100836 -0.019333
0 0.802509 0.280167 0.381041 -0.077000
0 0.278346 0.184667 0.227695 -0.043333
0 0.094331 0.210833 0.180297 -0.035000
