0 0.058750 0.930000 0.081250 -0.065714
0 0.118438 0.813810 0.081875 -0.067619
0 0.247500 0.887143 0.081250 -0.065714
0 0.576250 0.842381 0.076250 -0.065714
0 0.725938 0.850000 0.070625 -0.061905
0 0.795625 0.821429 0.072500 -0.067619
0 0.937500 0.469524 0.077500 -0.078095
0 0.874062 0.619524 0.075625 -0.073333
0 0.760625 0.350000 0.081250 -0.082857
0 0.661250 0.533333 0.081250 -0.072381
0 0.636875 0.652381 0.075000 -0.072381
0 0.250312 0.618571 0.081875 -0.073333
0 0.379375 0.684286 0.081250 -0.071429
0 0.396875 0.547143 0.082500 -0.069524
0 0.289062 0.479048 0.084375 -0.076190
0 0.316250 0.257143 0.086250 -0.087619
0 0.369063 0.124762 0.089375 -0.087619
0 0.474062 0.356190 0.081875 -0.080000
0 0.496563 0.202857 0.085625 -0.087619
