0 0.123779 0.248175 0.092285 -0.047445
0 0.135010 0.315693 0.095215 -0.045620
0 0.144775 0.362682 0.099121 -0.048358
0 0.156982 0.418796 0.101074 -0.052920
0 0.141602 0.511405 0.106445 -0.057482
0 0.138184 0.621350 0.112305 -0.060219
0 0.156494 0.729471 0.116699 -0.062956
1 0.245605 0.260493 0.083984 -0.050182
1 0.377930 0.267792 0.083008 -0.048358
1 0.498291 0.270985 0.082520 -0.045620
1 0.618408 0.300639 0.082520 -0.046533
1 0.729492 0.317062 0.083984 -0.048358
1 0.833252 0.319799 0.082520 -0.044708
1 0.934570 0.331204 0.083984 -0.045620
